0.496869705991762
-2.281685878848445
-0.339030109399062
2.503306655013362
3.877024521778981
-5.426713973356718
-2.796833523297206
2.746139732590268
-0.974504991568375
-1.150444476166556
-0.645670271351740
-3.388526425328657
-1.058226734804997
0.306036183638310
-0.627598021559131
0.233784957939842
1.187413713360583
-0.123567879296829
1.390424014977868
-3.842718314528340
0.667628167851554
0.323409093323654
-1.745802687955480
-1.735819193241258
0.188753147519061
2.527021467031316
-0.071134058450507
1.529644937478338
-2.626363178995388
-2.049550487868839
-2.169463973973073
-4.135395979234503
-1.799314496065144
-4.081982812761250
-5.496512858856920
1.123640402049573
-0.868802124066626
-1.750210566415878
-5.118257670767134
-5.366009382455266
